1.124553322792053223e+00 1.000000000000000000e+00 4.703417205377050984e-18
1.128735065460205078e+00 9.605152606964111328e-01 5.293812404503099169e-18
1.132923960685729980e+00 9.175526499748229980e-01 6.018581026186855317e-18
1.137119770050048828e+00 8.867812156677246094e-01 5.551759165950716489e-18
1.141322493553161621e+00 8.844296336174011230e-01 4.703044146920789569e-18
1.145531654357910156e+00 9.330574870109558105e-01 4.814779704064452547e-18
1.149747252464294434e+00 9.626584649085998535e-01 4.501335740959427494e-18
1.153969049453735352e+00 9.733304977416992188e-01 4.316204034473628093e-18
1.158196806907653809e+00 9.410861730575561523e-01 4.204153321516582411e-18
1.162430286407470703e+00 9.460065364837646484e-01 3.908443697154387995e-18
1.166669368743896484e+00 9.051263928413391113e-01 3.595269808519361505e-18
1.170913696289062500e+00 8.690657019615173340e-01 3.351826004751636419e-18
1.175163269042968750e+00 8.592756986618041992e-01 3.141524639791920354e-18
1.179417848587036133e+00 8.506537675857543945e-01 3.057141463963548342e-18
1.183677077293395996e+00 8.566302061080932617e-01 2.964208549323828235e-18
1.187940955162048340e+00 8.540945053100585938e-01 2.925591622426790138e-18
1.192209243774414062e+00 8.437184691429138184e-01 2.919253144187949426e-18
1.196481585502624512e+00 8.054421544075012207e-01 3.111443182840663811e-18
1.200757980346679688e+00 7.759739756584167480e-01 3.434606931733493216e-18
1.205038189888000488e+00 7.932898402214050293e-01 3.352471619219734057e-18
1.209321975708007812e+00 8.357322812080383301e-01 3.367311859794394788e-18
1.213609218597412109e+00 8.547206521034240723e-01 3.495102785832558895e-18
1.217899680137634277e+00 8.740239739418029785e-01 3.359847588741869404e-18
1.222193121910095215e+00 9.115697741508483887e-01 3.292462767706308973e-18
1.226489424705505371e+00 9.457535743713378906e-01 3.408683091336081329e-18
1.230788469314575195e+00 9.336176514625549316e-01 3.358801205266989824e-18
1.235089898109436035e+00 9.250211119651794434e-01 3.158434486259188760e-18
1.239393711090087891e+00 8.704857230186462402e-01 2.997605759760503589e-18
1.243699669837951660e+00 8.412919640541076660e-01 2.930013109596039210e-18
1.248007535934448242e+00 8.335217237472534180e-01 2.739923489313750100e-18
1.252317190170288086e+00 8.558009862899780273e-01 2.735338840768674944e-18
1.256628513336181641e+00 9.009026885032653809e-01 2.803079763057939454e-18
1.260941147804260254e+00 9.534339308738708496e-01 3.144534750041000822e-18
1.265255093574523926e+00 9.580521583557128906e-01 3.617749682436408862e-18
1.269570112228393555e+00 9.421993494033813477e-01 3.986868277440234272e-18
1.273886084556579590e+00 9.657772183418273926e-01 4.074254118892173775e-18
1.278202891349792480e+00 9.574860334396362305e-01 3.989745625200999979e-18
1.282520174980163574e+00 9.200820326805114746e-01 3.422139458745940845e-18
1.286837935447692871e+00 9.380058646202087402e-01 3.190289625238912133e-18
1.291155815124511719e+00 9.553661942481994629e-01 3.377995517790976555e-18
1.295473933219909668e+00 9.479367733001708984e-01 3.277815260214373097e-18
1.299792051315307617e+00 9.566290974617004395e-01 3.090542189917827046e-18
1.304109930992126465e+00 9.500374794006347656e-01 3.461903271562283715e-18
1.308427333831787109e+00 9.469736814498901367e-01 3.252457004560794342e-18
1.312744379043579102e+00 9.540563225746154785e-01 3.193846915463196428e-18
1.317060708999633789e+00 9.625363349914550781e-01 2.995567586731172929e-18
1.321376204490661621e+00 9.582287073135375977e-01 3.024793945724202780e-18
1.325690746307373047e+00 9.413015246391296387e-01 2.920895097703867185e-18
1.330004215240478516e+00 8.816925883293151855e-01 2.942484098101194931e-18
1.334316372871398926e+00 7.859999537467956543e-01 2.829975540675101149e-18
1.338627219200134277e+00 6.897451877593994141e-01 2.596239528576298395e-18
1.342936515808105469e+00 6.757494807243347168e-01 2.673613382689049189e-18
1.347244143486022949e+00 6.784024238586425781e-01 3.124691927916772517e-18
1.351549983024597168e+00 7.088455557823181152e-01 4.253586875693670175e-18
1.355853915214538574e+00 7.218542695045471191e-01 6.895020657807722066e-18
1.360155701637268066e+00 7.657137513160705566e-01 1.215766489682982315e-17
1.364455461502075195e+00 7.876242399215698242e-01 1.672674507559611851e-17
1.368752717971801758e+00 7.049390077590942383e-01 1.646548669656614514e-17
1.373047709465026855e+00 6.329811811447143555e-01 1.068623218264803221e-17
1.377339959144592285e+00 6.099554300308227539e-01 8.838652319797552789e-18
1.381629705429077148e+00 6.061214804649353027e-01 1.258985435917959182e-17
1.385916590690612793e+00 6.514073610305786133e-01 1.046155669338882905e-17
1.390200495719909668e+00 6.753446459770202637e-01 7.652192425627017967e-18
1.394481420516967773e+00 6.601552367210388184e-01 7.300178271329564063e-18
1.398759126663208008e+00 6.237645149230957031e-01 8.156751092588438470e-18
1.403033614158630371e+00 5.873512625694274902e-01 8.285183290396484312e-18
1.407304644584655762e+00 5.827648043632507324e-01 7.168921251729649632e-18
1.411572337150573730e+00 5.958615541458129883e-01 6.499452135536901043e-18
1.415836334228515625e+00 5.649210810661315918e-01 5.874384833855080150e-18
1.420096755027770996e+00 5.526595711708068848e-01 5.042811065068783345e-18
1.424353361129760742e+00 5.259545445442199707e-01 3.854523928925118886e-18
1.428606033325195312e+00 5.385628342628479004e-01 3.616850950700869997e-18
1.432854652404785156e+00 5.525970458984375000e-01 3.883581543073187918e-18
1.437099337577819824e+00 5.315431952476501465e-01 4.041450617340158356e-18
1.441339731216430664e+00 5.338703393936157227e-01 3.383682798092584897e-18
1.445575952529907227e+00 5.438030958175659180e-01 3.028222195772928803e-18
1.449807763099670410e+00 5.294915437698364258e-01 3.616202027510322147e-18
1.454035162925720215e+00 5.260972976684570312e-01 3.737455124782020262e-18
1.458257913589477539e+00 5.304830670356750488e-01 3.454850316069350324e-18
1.462476134300231934e+00 5.380973815917968750e-01 3.331876683123541912e-18
1.466689705848693848e+00 5.443346500396728516e-01 3.390816817285548484e-18
1.470898509025573730e+00 5.380331873893737793e-01 3.435646697763472372e-18
1.475102424621582031e+00 5.235372781753540039e-01 3.339944382432924729e-18
1.479301333427429199e+00 5.293372869491577148e-01 3.410875326754499990e-18
1.483495354652404785e+00 5.403014421463012695e-01 3.544643046308665999e-18
1.487684249877929688e+00 5.387303829193115234e-01 3.427706797858728998e-18
1.491868019104003906e+00 5.394864678382873535e-01 3.076220384792083925e-18
1.496046543121337891e+00 5.526106357574462891e-01 2.510925360968497950e-18
1.500219702720642090e+00 5.557816624641418457e-01 2.455760272327030258e-18
1.504387617111206055e+00 5.648274421691894531e-01 3.497066926197066059e-18
1.508550167083740234e+00 5.572876334190368652e-01 3.827033408447531564e-18
1.512707233428955078e+00 5.859490633010864258e-01 2.803829809078371912e-18
1.516858696937561035e+00 5.865752696990966797e-01 2.367257530252991030e-18
1.521004557609558105e+00 5.868074893951416016e-01 2.760723979792161672e-18
1.525144934654235840e+00 6.077076196670532227e-01 3.132193628892015925e-18
1.529279470443725586e+00 6.027489304542541504e-01 3.169158676105785626e-18
1.533408284187316895e+00 6.008632183074951172e-01 3.206095392383575385e-18
1.537531375885009766e+00 6.074221730232238770e-01 3.037398523898285815e-18
1.541648507118225098e+00 6.186329722404479980e-01 2.979007844458167592e-18
1.545759797096252441e+00 6.256632804870605469e-01 2.797207194299119234e-18
1.549865126609802246e+00 6.370081901550292969e-01 2.605119932837514562e-18
1.553964495658874512e+00 6.294601559638977051e-01 2.733157772288525748e-18
1.558057904243469238e+00 6.349539160728454590e-01 2.850188319328293795e-18
1.562145233154296875e+00 6.283107995986938477e-01 2.902374316993651758e-18
1.566226363182067871e+00 6.553645730018615723e-01 2.931692699829828132e-18
1.570301413536071777e+00 6.618077754974365234e-01 2.618365782781479332e-18
1.574370384216308594e+00 6.705486774444580078e-01 2.295887973411609525e-18
1.578433036804199219e+00 6.708902120590209961e-01 2.473371981544049909e-18
1.582489490509033203e+00 6.367684602737426758e-01 3.536617326415370248e-18
1.586539626121520996e+00 6.397491693496704102e-01 3.613292006115360595e-18
1.590583562850952148e+00 6.375678777694702148e-01 2.711454414171512546e-18
1.594621062278747559e+00 6.538604497909545898e-01 2.295212580441459978e-18
1.598652243614196777e+00 6.777813434600830078e-01 2.543314031443318025e-18
1.602677106857299805e+00 6.733889579772949219e-01 3.087878461550253159e-18
1.606695532798767090e+00 6.685888767242431641e-01 3.188063061825072520e-18
1.610707640647888184e+00 6.438106298446655273e-01 3.082255908131577091e-18
1.614713191986083984e+00 6.421118974685668945e-01 3.084073223937356093e-18
1.618712306022644043e+00 6.609473228454589844e-01 2.828990575360703631e-18
1.622704982757568359e+00 6.601259112358093262e-01 2.893290633096900684e-18
1.626691222190856934e+00 6.552541851997375488e-01 2.771981701133855240e-18
1.630670905113220215e+00 6.485712528228759766e-01 2.472967697019664616e-18
1.634644031524658203e+00 6.561222076416015625e-01 2.629657418528287575e-18
1.638610720634460449e+00 6.697665452957153320e-01 2.657257333641885035e-18
1.642570853233337402e+00 6.578977704048156738e-01 2.597991497113685708e-18
1.646524429321289062e+00 6.853575706481933594e-01 2.846051795880069241e-18
1.650471448898315430e+00 6.991823315620422363e-01 2.983135475714807200e-18
1.654411911964416504e+00 7.049193978309631348e-01 2.579811721610995265e-18
1.658345818519592285e+00 6.875923275947570801e-01 2.223158738438343982e-18
1.662273287773132324e+00 6.970006823539733887e-01 2.104243460372873862e-18
1.666193962097167969e+00 6.900988817214965820e-01 2.652874930756579094e-18
1.670108199119567871e+00 6.950197219848632812e-01 3.519158025226213493e-18
1.674015879631042480e+00 7.005141973495483398e-01 3.240094169920729929e-18
1.677917003631591797e+00 6.719238758087158203e-01 2.313711440865442751e-18
1.681811571121215820e+00 6.737340688705444336e-01 2.104102426078433570e-18
1.685699462890625000e+00 6.925358772277832031e-01 2.307291485336265565e-18
1.689580917358398438e+00 6.989834904670715332e-01 2.862602852756642772e-18
1.693455815315246582e+00 7.053934931755065918e-01 3.009811223289029789e-18
1.697324037551879883e+00 7.008792161941528320e-01 2.815165078602492326e-18
1.701185822486877441e+00 6.893005371093750000e-01 3.033149917477060327e-18
1.705041170120239258e+00 6.903308629989624023e-01 2.819391557942332021e-18
1.708889842033386230e+00 6.833002567291259766e-01 2.600129758997135284e-18
1.712732076644897461e+00 6.552538275718688965e-01 2.766710492680361071e-18
1.716567754745483398e+00 6.482182741165161133e-01 2.511311240724253938e-18
1.720396995544433594e+00 6.392676830291748047e-01 2.296914297756634695e-18
1.724219799041748047e+00 6.171541213989257812e-01 2.523826069801874970e-18
1.728036165237426758e+00 5.982342362403869629e-01 2.436292783405747890e-18
1.731845974922180176e+00 5.993577241897583008e-01 2.332393935385412296e-18
1.735649347305297852e+00 5.823996663093566895e-01 2.477051487703838914e-18
1.739446401596069336e+00 5.748546123504638672e-01 2.627130795347244352e-18
1.743237018585205078e+00 5.791059732437133789e-01 2.675343844530510123e-18
1.747021317481994629e+00 5.716016888618469238e-01 2.484988492476438353e-18
1.750799179077148438e+00 5.588319897651672363e-01 2.262980040307259287e-18
1.754570722579956055e+00 5.460995435714721680e-01 2.052761600203951663e-18
1.758335828781127930e+00 5.276237726211547852e-01 1.903684215077501080e-18
1.762094736099243164e+00 5.321015119552612305e-01 2.457125120337742754e-18
1.765847325325012207e+00 5.207606554031372070e-01 3.370592458103780096e-18
1.769593715667724609e+00 5.015175342559814453e-01 3.148933282948251546e-18
1.773333907127380371e+00 4.878693819046020508e-01 2.232821862354188451e-18
1.777067780494689941e+00 4.860113561153411865e-01 1.941032660505189109e-18
1.780795454978942871e+00 4.863031208515167236e-01 2.084144832644213533e-18
1.784516930580139160e+00 4.799854755401611328e-01 2.462561558118594390e-18
1.788232326507568359e+00 4.611300826072692871e-01 2.978315701080613846e-18
1.791941642761230469e+00 4.462434649467468262e-01 2.741245737522916114e-18
1.795644760131835938e+00 4.686298072338104248e-01 2.560458590409398353e-18
1.799341797828674316e+00 4.766024649143218994e-01 3.691815020894100683e-18
1.803032875061035156e+00 4.614756405353546143e-01 4.029907725482287132e-18
1.806717872619628906e+00 4.486199617385864258e-01 3.412221769996583181e-18
1.810396909713745117e+00 4.584152698516845703e-01 4.037240681612569722e-18
1.814069867134094238e+00 4.695630967617034912e-01 4.426290193475860334e-18
1.817736983299255371e+00 4.748774766921997070e-01 4.033410835376449204e-18
1.821398138999938965e+00 4.603872001171112061e-01 4.292336151488716756e-18
1.825053453445434570e+00 4.566324949264526367e-01 4.834985658477591630e-18
1.828702807426452637e+00 4.949176311492919922e-01 6.159054078581529306e-18
1.832346439361572266e+00 4.753920435905456543e-01 8.061237374437552918e-18
1.835984230041503906e+00 4.620092511177062988e-01 1.124293796978602069e-17
1.839616179466247559e+00 3.889702260494232178e-01 1.665459672820801833e-17
1.843242406845092773e+00 4.157837331295013428e-01 1.167758084983262163e-17
1.846862912178039551e+00 3.847765326499938965e-01 1.063362515005088476e-17
1.850477695465087891e+00 4.147101938724517822e-01 1.207620084138315077e-17
1.854086875915527344e+00 4.417518973350524902e-01 1.160734246247890639e-17
1.857690334320068359e+00 4.029723107814788818e-01 1.160906547969485435e-17
1.861288309097290039e+00 3.643189668655395508e-01 8.591632200651454687e-18
1.864880561828613281e+00 4.259725511074066162e-01 7.023256400220286564e-18
1.868467330932617188e+00 4.113377332687377930e-01 1.137410399951855429e-17
1.872048497200012207e+00 4.582922160625457764e-01 3.044731397310507150e-17
1.875624299049377441e+00 3.419942855834960938e-01 1.812936215307778541e-17
1.879194498062133789e+00 3.999379277229309082e-01 8.005916362250618980e-18
1.882759332656860352e+00 3.972998559474945068e-01 5.575764774507617906e-18
1.886318683624267578e+00 4.166116118431091309e-01 4.937836882252128815e-18
1.889872670173645020e+00 4.263634681701660156e-01 5.371781621861735004e-18
1.893421292304992676e+00 4.133264422416687012e-01 5.662355281800587672e-18
1.896964669227600098e+00 4.269913733005523682e-01 6.082522087537204356e-18
1.900502562522888184e+00 4.553662836551666260e-01 9.767228731837330596e-18
1.904035329818725586e+00 4.221857190132141113e-01 1.164572695162381709e-17
1.907562732696533203e+00 4.474747180938720703e-01 8.212809122701157156e-18
1.911085009574890137e+00 3.929141163825988770e-01 7.884125597580761397e-18
1.914602041244506836e+00 4.214203655719757080e-01 7.147158129813379474e-18
1.918113946914672852e+00 4.143984317779541016e-01 5.486199725731907452e-18
1.921620607376098633e+00 4.194650650024414062e-01 5.210287014969944646e-18
1.925122141838073730e+00 4.121953845024108887e-01 5.416773216149413009e-18
1.928618669509887695e+00 4.154082536697387695e-01 5.068929706500451471e-18
1.932110071182250977e+00 3.800192773342132568e-01 4.030985128230137450e-18
1.935596466064453125e+00 4.121659696102142334e-01 3.719421346657445429e-18
1.939077734947204590e+00 3.923347890377044678e-01 3.393251416623445183e-18
1.942554116249084473e+00 3.698127269744873047e-01 2.831396430172314112e-18
1.946025371551513672e+00 3.659707903861999512e-01 2.625016728496711951e-18
1.949491858482360840e+00 3.605708777904510498e-01 2.721779075782246299e-18
1.952953219413757324e+00 3.728025555610656738e-01 3.184116996712888302e-18
1.956409811973571777e+00 3.663094341754913330e-01 3.559346181696796066e-18
1.959861397743225098e+00 3.606208264827728271e-01 3.238489646327530193e-18
1.963308215141296387e+00 3.590173721313476562e-01 3.013463639283757683e-18
1.966750144958496094e+00 3.585471510887145996e-01 2.831047980339276149e-18
1.970187187194824219e+00 3.645781576633453369e-01 2.623260830851415012e-18
1.973619461059570312e+00 3.511774539947509766e-01 2.522048045075192237e-18
1.977046966552734375e+00 3.214664459228515625e-01 2.415692677430727289e-18
1.980469584465026855e+00 3.179412484169006348e-01 2.115788006591970192e-18
1.983887553215026855e+00 3.273598849773406982e-01 1.806322989028478340e-18
1.987300753593444824e+00 3.251942992210388184e-01 1.771696174611242911e-18
1.990709304809570312e+00 3.259804546833038330e-01 1.708227019800355374e-18
1.994112968444824219e+00 3.354275822639465332e-01 1.759290533374478878e-18
1.997512102127075195e+00 3.459759056568145752e-01 2.531118494082142462e-18
2.000906467437744141e+00 3.558202087879180908e-01 4.474688117526031707e-18
2.004296302795410156e+00 3.484517037868499756e-01 5.092230970765763984e-18
2.007681369781494141e+00 3.423691689968109131e-01 3.467967332632909961e-18
2.011061668395996094e+00 3.371189534664154053e-01 2.901893931852911587e-18
2.014437437057495117e+00 3.491171896457672119e-01 2.906102420014428253e-18
2.017808675765991211e+00 3.381873965263366699e-01 2.762281974475905299e-18
2.021175384521484375e+00 3.449152708053588867e-01 2.359246079225261818e-18
2.024537324905395508e+00 3.405368924140930176e-01 2.283063985580046799e-18
2.027894735336303711e+00 3.300277590751647949e-01 2.455279060005677534e-18
2.031247615814208984e+00 3.400232493877410889e-01 2.262430171995064662e-18
2.034595727920532227e+00 3.460752665996551514e-01 2.038767772191085818e-18
2.037939548492431641e+00 3.404786884784698486e-01 2.130578202739571465e-18
2.041278600692749023e+00 3.495250642299652100e-01 2.448868203463238431e-18
2.044613361358642578e+00 3.408157825469970703e-01 2.203915001872757208e-18
2.047943353652954102e+00 3.455530405044555664e-01 1.930510716318361459e-18
2.051268815994262695e+00 3.517777919769287109e-01 2.225120397261013487e-18
2.054589986801147461e+00 3.447612822055816650e-01 2.779933801952633772e-18
2.057906389236450195e+00 3.494437634944915771e-01 2.783011947807096726e-18
2.061218500137329102e+00 3.483048081398010254e-01 2.119603170372217894e-18
2.064525842666625977e+00 3.547868728637695312e-01 1.872217437395371355e-18
2.067828655242919922e+00 3.480731248855590820e-01 1.903061554871401789e-18
2.071127176284790039e+00 3.588425517082214355e-01 2.182877730944002331e-18
2.074421167373657227e+00 3.559001982212066650e-01 2.173358743249895227e-18
2.077710390090942383e+00 3.531967401504516602e-01 1.787270951569850730e-18
2.080995321273803711e+00 3.525957465171813965e-01 1.655234004049875363e-18
2.084275722503662109e+00 3.519885241985321045e-01 1.763023392683777554e-18
2.087551593780517578e+00 3.618749082088470459e-01 1.831456871940902086e-18
2.090822935104370117e+00 3.684832155704498291e-01 1.857489279793711559e-18
2.094089508056640625e+00 3.716647624969482422e-01 1.724220453546491595e-18
2.097351789474487305e+00 3.651596307754516602e-01 1.569336777507801603e-18
2.100609540939331055e+00 3.650608062744140625e-01 1.591799590824715053e-18
2.103862762451171875e+00 3.739227354526519775e-01 1.710945652281087468e-18
2.107111454010009766e+00 3.723146021366119385e-01 1.837369972549737405e-18
2.110355615615844727e+00 3.813243210315704346e-01 1.917714852627625536e-18
2.113595008850097656e+00 3.765476942062377930e-01 1.879940615979625836e-18
2.116830110549926758e+00 3.822015821933746338e-01 1.883092174113452871e-18
2.120060443878173828e+00 3.770602345466613770e-01 1.877063268218860129e-18
2.123286247253417969e+00 3.846204280853271484e-01 1.904503330679081716e-18
2.126507520675659180e+00 3.824568390846252441e-01 1.920221416678814348e-18
2.129724025726318359e+00 3.861318528652191162e-01 1.763102595227429506e-18
2.132936000823974609e+00 3.822346329689025879e-01 1.750831164045052202e-18
2.136143445968627930e+00 3.954724073410034180e-01 1.680103809551741555e-18
2.139346122741699219e+00 3.922420740127563477e-01 1.618163491308005151e-18
2.142544269561767578e+00 3.917921483516693115e-01 1.594701960799010489e-18
2.145737886428833008e+00 4.030277132987976074e-01 1.639060761918085428e-18
2.148926496505737305e+00 3.957463502883911133e-01 1.999565615010666454e-18
2.152110815048217773e+00 3.937102556228637695e-01 2.379608370774173424e-18
2.155290126800537109e+00 3.906129598617553711e-01 2.235948811864792034e-18
2.158464908599853516e+00 4.040777385234832764e-01 1.867387116208367949e-18
2.161634922027587891e+00 3.943241238594055176e-01 1.710960334736960284e-18
2.164800167083740234e+00 4.022233784198760986e-01 1.693375715685001746e-18
2.167960643768310547e+00 4.001148641109466553e-01 1.714349707296896315e-18
2.171116590499877930e+00 4.027905762195587158e-01 1.773191096773279370e-18
2.174267530441284180e+00 3.992952108383178711e-01 1.765024342585543328e-18
2.177413702011108398e+00 3.982250094413757324e-01 1.795670763895173588e-18
2.180555105209350586e+00 3.928060829639434814e-01 2.082316970285624481e-18
2.183691740036010742e+00 4.012900292873382568e-01 2.032956001207288245e-18
2.186823368072509766e+00 3.991203010082244873e-01 1.882212674327155864e-18
2.189950227737426758e+00 3.928020596504211426e-01 1.855279259992123007e-18
2.193072319030761719e+00 3.942740857601165771e-01 1.882003190837026810e-18
2.196189403533935547e+00 3.981146514415740967e-01 2.173485508678768979e-18
2.199301719665527344e+00 3.938262164592742920e-01 2.131412621182484332e-18
2.202409029006958008e+00 3.952650427818298340e-01 1.970952817236997812e-18
2.205511331558227539e+00 3.823682069778442383e-01 1.918576154440446376e-18
2.208608865737915039e+00 3.794080615043640137e-01 1.880086406562588307e-18
2.211701393127441406e+00 3.898019492626190186e-01 1.983270363738524947e-18
2.214788913726806641e+00 3.883704841136932373e-01 2.090964936794713247e-18
2.217871427536010742e+00 3.954095840454101562e-01 1.837643148947033042e-18
2.220948934555053711e+00 3.850238323211669922e-01 1.692363763603119685e-18
2.224021196365356445e+00 3.942399919033050537e-01 1.899082402534715449e-18
2.227088689804077148e+00 3.945357501506805420e-01 1.847554013456337143e-18
2.230151176452636719e+00 3.929873704910278320e-01 1.928223768719805476e-18
2.233208417892456055e+00 3.912301957607269287e-01 2.040222162503107179e-18
2.236260652542114258e+00 3.874967098236083984e-01 1.865560494620697726e-18
2.239307880401611328e+00 3.853030800819396973e-01 1.738870959568147975e-18
2.242349863052368164e+00 3.856431841850280762e-01 1.750790632195037104e-18
2.245386838912963867e+00 3.845930993556976318e-01 1.808032978149778587e-18
2.248418807983398438e+00 3.876870870590209961e-01 1.834937234368218950e-18
2.251445531845092773e+00 3.780611455440521240e-01 1.873303111949347203e-18
2.254467010498046875e+00 3.837455809116363525e-01 1.872951766984165305e-18
2.257483482360839844e+00 3.772169053554534912e-01 1.798623385091681621e-18
2.260494709014892578e+00 3.756347894668579102e-01 1.780957702339692885e-18
2.263500690460205078e+00 3.727959990501403809e-01 1.807855547908385962e-18
2.266501426696777344e+00 3.723103404045104980e-01 1.823911537188346506e-18
2.269497156143188477e+00 3.676506578922271729e-01 1.849003027094376909e-18
2.272487640380859375e+00 3.715140819549560547e-01 1.882727387463316986e-18
2.275473117828369141e+00 3.640462160110473633e-01 1.896095453342786466e-18
2.278453111648559570e+00 3.697549700736999512e-01 1.862914137045987452e-18
2.281428098678588867e+00 3.680776357650756836e-01 1.814883687982942762e-18
2.284397840499877930e+00 3.655160665512084961e-01 1.948072381108321651e-18
2.287362337112426758e+00 3.652044534683227539e-01 1.837866074122116083e-18
2.290321588516235352e+00 3.694783151149749756e-01 1.862487311849910090e-18
2.293275833129882812e+00 3.435792326927185059e-01 1.870957848117606232e-18
2.296224594116210938e+00 3.070177733898162842e-01 1.879114469342838499e-18
2.299168348312377930e+00 3.019670546054840088e-01 1.909758202315477963e-18
2.302107095718383789e+00 3.129459917545318604e-01 1.903089265421922315e-18
2.305040359497070312e+00 3.244349956512451172e-01 1.887076909919273944e-18
2.307968854904174805e+00 3.248250484466552734e-01 1.849934639259264757e-18
2.310891866683959961e+00 3.148761093616485596e-01 1.823606721132620715e-18
2.313809871673583984e+00 3.173425197601318359e-01 1.798706309948090062e-18
2.316722869873046875e+00 3.116111159324645996e-01 1.944886288183920527e-18
2.319630622863769531e+00 3.198580443859100342e-01 2.039089338654215807e-18
2.322533369064331055e+00 3.020814955234527588e-01 1.983208325192583470e-18
2.325431108474731445e+00 2.806307971477508545e-01 1.914642910627756729e-18
2.328323841094970703e+00 2.831600010395050049e-01 1.869912085028186066e-18
2.331211566925048828e+00 2.853270471096038818e-01 1.863382321272692466e-18
2.334094285964965820e+00 2.839435338973999023e-01 1.899784678874772970e-18
2.336971998214721680e+00 2.895038127899169922e-01 1.938907633511540381e-18
2.339844942092895508e+00 2.884846925735473633e-01 2.020586135532017131e-18
2.342713117599487305e+00 2.830433249473571777e-01 2.065968572659126442e-18
2.345576286315917969e+00 2.880367040634155273e-01 2.054147954910590538e-18
2.348434686660766602e+00 2.974596321582794189e-01 2.157247539664046769e-18
2.351288318634033203e+00 2.952030599117279053e-01 2.271778140097526428e-18
2.354137420654296875e+00 2.643631994724273682e-01 2.243987973443041772e-18
2.356981754302978516e+00 2.714163959026336670e-01 2.213836412934871360e-18
2.359821557998657227e+00 2.729855477809906006e-01 2.273491024350970610e-18
2.362656831741333008e+00 2.712489366531372070e-01 2.337297462056626644e-18
2.365487575531005859e+00 2.762143909931182861e-01 2.275048398649254823e-18
2.368314027786254883e+00 2.782254517078399658e-01 2.451564191874701887e-18
2.371136188507080078e+00 2.658324539661407471e-01 2.613878741548685434e-18
2.373954057693481445e+00 2.762348055839538574e-01 2.456946862915737576e-18
2.376767635345458984e+00 2.762676179409027100e-01 2.348755567901711183e-18
2.379577159881591797e+00 2.704240977764129639e-01 2.380385713754820132e-18
2.382382631301879883e+00 2.660160362720489502e-01 2.418356819388607453e-18
2.385184049606323242e+00 2.621126472949981689e-01 2.551720668008694446e-18
2.387981653213500977e+00 2.449822127819061279e-01 2.520284496009229182e-18
2.390775442123413086e+00 2.560290396213531494e-01 2.433772364079298815e-18
2.393565654754638672e+00 2.575209736824035645e-01 2.393823262805744067e-18
2.396352529525756836e+00 2.620056569576263428e-01 2.428555129160773731e-18
2.399135589599609375e+00 2.619928419589996338e-01 2.369258893745063080e-18
2.401915311813354492e+00 2.524936795234680176e-01 2.391655015625089443e-18
2.404691934585571289e+00 2.484017163515090942e-01 2.617743122575380041e-18
2.407465457916259766e+00 2.357050925493240356e-01 2.730727722443998091e-18
2.410235881805419922e+00 2.432740479707717896e-01 2.687478790911816177e-18
2.413003444671630859e+00 2.431035786867141724e-01 2.845053388880717737e-18
2.415768384933471680e+00 2.212380915880203247e-01 3.335500147796830450e-18
2.418530702590942383e+00 2.371884733438491821e-01 3.494588279491550912e-18
2.421290397644042969e+00 2.272813171148300171e-01 2.990871682393709391e-18
2.424047946929931641e+00 2.130176573991775513e-01 2.693186130343278930e-18
2.426803350448608398e+00 2.137446999549865723e-01 2.575369968516738645e-18
2.429556608200073242e+00 2.267118394374847412e-01 2.430366241111958585e-18
2.432308197021484375e+00 2.251061052083969116e-01 3.020866492175801004e-18
2.435058116912841797e+00 2.108590155839920044e-01 4.157240186665943723e-18
2.437806606292724609e+00 1.977491080760955811e-01 3.747556654422517836e-18
2.440553665161132812e+00 2.175354808568954468e-01 3.124703922035654536e-18
2.443299770355224609e+00 2.104428559541702271e-01 3.338012915702613409e-18
2.446044921875000000e+00 1.995409280061721802e-01 4.062641743862848096e-18
2.448789358139038086e+00 2.069261670112609863e-01 4.620625938637537274e-18
2.451533317565917969e+00 2.125461399555206299e-01 4.534353482290094146e-18
2.454277038574218750e+00 1.942388713359832764e-01 3.583822456022240155e-18
2.457020521163940430e+00 1.954668909311294556e-01 2.793297938724193625e-18
2.459764480590820312e+00 2.025198042392730713e-01 2.860442670586960540e-18
2.462508678436279297e+00 1.990345716476440430e-01 3.538483859467596155e-18
2.465253591537475586e+00 1.855065375566482544e-01 3.414877226558031538e-18
2.467999219894409180e+00 1.876897811889648438e-01 3.367502524925588261e-18
2.470746278762817383e+00 1.904823184013366699e-01 4.677264649540268185e-18
2.473494529724121094e+00 1.643564701080322266e-01 5.046967647646862309e-18
2.476244688034057617e+00 1.861658841371536255e-01 3.876391689188877002e-18
2.478996753692626953e+00 1.759617775678634644e-01 4.525958839843599745e-18
2.481750965118408203e+00 1.563948094844818115e-01 5.994970396372447971e-18
2.484507799148559570e+00 2.071947306394577026e-01 7.180020361188886157e-18
2.487267732620239258e+00 1.789588928222656250e-01 7.353988024537363619e-18
2.490030527114868164e+00 2.181977629661560059e-01 7.451132115675591190e-18
2.492797136306762695e+00 1.929672062397003174e-01 7.962676322910022011e-18
2.495567321777343750e+00 1.647290587425231934e-01 7.721044458274094332e-18
2.498341798782348633e+00 1.606028079986572266e-01 5.467293272061089175e-18
2.501120805740356445e+00 1.885133236646652222e-01 5.288123469840265721e-18
2.503904819488525391e+00 1.779233068227767944e-01 7.553373293748370516e-18
2.506694078445434570e+00 1.476092934608459473e-01 8.067193902028547270e-18
2.509488821029663086e+00 1.741151213645935059e-01 7.909167663445191757e-18
2.512289762496948242e+00 1.691909283399581909e-01 1.031246235105982113e-17
2.515096902847290039e+00 1.653988510370254517e-01 1.415244154968411385e-17
2.517910957336425781e+00 1.546374261379241943e-01 1.919935170827840373e-17
2.520732402801513672e+00 1.445677578449249268e-01 1.313790949147150073e-17
2.523561477661132812e+00 2.203536778688430786e-01 1.136893577505132297e-17
2.526398658752441406e+00 1.833162903785705566e-01 1.733108819421103584e-17
2.529244184494018555e+00 1.986433416604995728e-01 2.522090562158677462e-17
2.532099008560180664e+00 2.861287258565425873e-02 4.272581093227480328e-17
2.534963130950927734e+00 2.520717680454254150e-01 5.649318667192568190e-17
2.537837266921997070e+00 3.726620227098464966e-02 4.857445101033508927e-17
2.540722131729125977e+00 1.708887666463851929e-01 3.947694657990947987e-17
2.543617725372314453e+00 3.276130259037017822e-01 4.318190177842429168e-17
